country	cum	new	cumdeath	death
USA	31466876	59687	563224	769
India	15930965	314835	184657	2104
Brazil	14043076	69381	378003	3321
France	5291461	34368	101230	313
Russia	4736121	8996	107103	397
Turkey	4446591	61967	36975	362
UK	4395707	2396	127327	20
Italy	3904899	13836	117997	364
Spain	3446072	5730	77364	15
Germany	3217710	29518	80893	259
Argentina	2743620	29145	59792	316
Poland	2731256	12763	64168	695
Colombia	2684101	16965	69177	429
Iran	2311813	24886	67913	388
Mexico	2311172	4262	213048	582
Ukraine	1990353	16235	41266	470
Peru	1719088	11301	57954	417
Czechia	1612832	2971	28787	76
SAfrica	1569935	1569	53940	53
Netherlands	1426243	8530	16983	18
Chile	1141403	4968	25353	36
Canada	1139043	7270	23713	46
Romania	1037009	3006	26793	175
Iraq	1001854	8696	15098	38
Philippines	962307	9227	16265	124
Belgium	960169	1	23867	0
Sweden	924340	7520	13863	1
Israel	837566	146	6346	1
Portugal	832255	610	16952	1
Pakistan	772381	5499	16600	147
Hungary	760967	3607	26001	214
Bangladesh	732060	4280	10683	95
Jordan	695390	3209	8429	57
Serbia	670801	2864	6095	37
Switzerland	639195	7	9851	1
Austria	596434	2377	9749	40
Japan	546425	4929	9764	54
Lebanon	515088	2082	7027	32
Morocco	507338	669	8969	10
UAE	502791	1931	1561	2
SArabia	408038	1028	6858	12
Bulgaria	392913	2002	15618	100
Malaysia	381813	2340	1400	11
Slovakia	378150	677	11357	53
Ecuador	362843	1689	17804	60
Panama	361319	275	6192	3
Belarus	347316	1318	2453	10
Kazakhstan	346971	0	4157	0
Greece	323639	3010	9713	86
Croatia	316308	2885	6738	46
Azerbaijan	305933	2075	4235	32
Georgia	300264	1226	3981	10
Tunisia	291833	2603	9993	75
Bolivia	291675	1313	12695	29
Nepal	289787	2220	3112	10
DRepublic	262404	556	3435	9
Kuwait	261307	1439	1482	14
Paraguay	255046	2603	5470	86
Moldova	247391	700	5643	27
Ethiopia	246484	1329	3474	35
Denmark	244868	803	2465	2
Ireland	244695	398	4856	9
Lithuania	237950	1417	3818	16
Slovenia	234068	1034	4479	1
Costa_Rica	231967	1130	3104	5
Egypt	218902	861	12866	46
Guatemala	216329	1629	7309	30
Armenia	211399	881	3969	25
Honduras	202413	736	4976	13
Qatar	199180	819	400	9
Bosnia	193115	1239	8082	57
Venezuela	185736	1141	1944	19
Oman	183770	1077	1926	17
Libya	173683	594	2924	5
Uruguay	169327	2294	2022	51
Bahrain	167165	1008	607	2
Nigeria	164423	0	2061	0
Kenya	153488	965	2540	21
NMacedonia	148618	623	4556	47
Myanmar	142661	17	3206	0
Albania	129980	138	2358	5
PRico	124695	555	2224	11
Algeria	120174	182	3172	7
Estonia	119218	429	1120	11
NKorea	116661	735	1808	2
Latvia	112983	759	2079	8
Norway	108587	561	734	25
China	103382	11	4856	0
Kosovo	102699	506	2095	5
SLanka	98050	578	630	5
Cuba	96760	1006	547	9
Montenegro	96042	0	1441	0
Kyrgyzstan	93006	380	1566	5
Ghana	91783	0	772	0
Zambia	91119	77	1238	2
Uzbekistan	87935	384	640	0
Finland	84797	296	899	6
Mozambique	69437	128	805	3
ElSalvador	68007	450	2086	4
Luxembourg	65604	285	788	2
Cameroon	61731	0	919	0
Singapore	60880	15	30	0
Cyprus	58865	843	295	0
Afghanistan	58312	98	๒๕๖๑	4
Thailand	48113	1470	117	7
Namibia	46954	79	609	1
Côte_d’Ivoire	45697	83	277	2
Botswana	44702	0	684	0
Jamaica	44337	83	744	6
Uganda	41475	53	341	0
Senegal	39910	74	1096	1
Zimbabwe	37980	105	1555	1
Malawi	33975	7	1142	0
Sudan	33599	49	2289	2
Madagascar	33592	390	569	6
Malta	30063	24	411	0
Australia	29578	19	910	0
Congo	29233	149	748	0
Maldives	26920	253	71	0
Mongolia	25364	1169	56	5
Angola	24883	222	๕๗๐	5
Rwanda	24112	107	327	0
Gabon	22032	0	136	0
Guinea	21666	33	139	0
Syria	21584	151	1483	15
Cabo_Verde	21179	398	198	4
Mayotte	19849	0	169	0
Réunion	19343	0	141	0
FPolynesia	18722	2	141	0
Eswatini	18423	6	671	0
FGuiania	18261	0	96	0
Mauritania	18175	19	454	0
Tajikistan	13714	0	91	0
Somalia	13459	135	689	11
Mali	13336	90	451	7
BFaso	13167	0	155	0
Haiti	12944	26	251	0
Guadeloupe	12927	0	194	0
Andorra	12917	43	123	0
Togo	12657	104	121	1
Belize	12568	10	318	0
Guyana	11972	71	273	2
Curaçao	11934	31	94	4
Lesotho	10720	0	316	0
Djibouti	10633	76	129	6
SSudan	10486	8	114	0
Aruba	10399	54	94	2
PNG	10338	141	99	8
Congo	10084	0	137	0
Bahamas	9800	0	194	0
Martinique	9758	0	66	0
Suriname	9687	70	188	0
Trinidad	9135	171	157	3
Cambodia	7747	0	54	0
Benin	7720	0	97	0
Guam	7679	6	136	0
Eq	7505	0	106	0
Iceland	6362	12	29	0
CAR	6175	0	85	0
Yemen	5964	42	1148	9
Gambia	5788	4	171	1
Nicaragua	5450	0	181	0
Niger	5141	1	191	0
SanMarino	5046	2	88	0
Seychelles	5016	40	25	0
Chad	4731	8	169	0
StLucia	4419	0	69	0
Gibraltar	4291	0	94	0
Sierra_Leone	4042	1	79	0
Comoros	3822	0	146	0
Barbados	3793	9	44	0
Burundi	3732	26	6	0
Guinea-Bissau	3713	0	66	0
Eritrea	3564	16	10	0
Jersey	3233	0	69	0
USVI	3041	0	27	0
Liechtenstein	2936	0	55	0
Vietnam	2812	11	35	0
Monaco	2422	9	31	0
Turks	2369	0	17	0
SaoTome	2283	0	35	0
NZ	2244	3	26	0
Bermuda	2226	12	20	0
SintMaarten	2211	4	27	0
Liberia	2086	6	85	0
StVincent	1819	0	10	0
StMartin	1710	0	13	0
IsleofMan	1577	0	29	0
Bonaire	1524	2	15	0
Timor-Leste	1509	57	2	0
Antigua	1217	0	31	0
Mauritius	1203	0	15	0
Bhutan	986	20	1	0
StBarthelemy	954	0	1	0
Guernsey	822	0	14	0
Faroe Islands	663	0	1	0
Cayman	531	0	2	0
Tanzania	509	0	21	0
Wallis	449	1	5	0
Brunei	223	0	3	0
BVI	194	7	1	0
Dominica	172	0	0	0
Mariana	162	0	2	٠
Grenada	159	0	1	0
Caledonia	124	0	0	0
Laos	88	28	0	0
Fiji	78	1	2	0
Falkland	62	0	0	0
Nevis	44	0	0	0
Greenland	31	0	0	0
Anguilla	30	1	0	0
Holy See	26	0	0	0
StPierre	25	0	0	0
Montserrat	20	0	1	0
Sint	20	0	0	0
Solomon	20	0	0	0
Saba	6	0	0	0
Marshall	4	0	0	0
Samoa	4	0	0	0
Vanuatu	3	0	0	0
ASamoa	0	0	0	0
Cook	0	0	0	0
SKorea	0	0	0	0
Kiribati	0	0	0	0
Micronesia	0	0	0	0
Nauru	0	0	0	0
Niue	0	0	0	0
Palau	0	0	0	0
Pitcairn	0	0	0	0
StHelena	0	0	0	0
Tokelau	0	0	0	0
Tonga	0	0	0	0
Turkmenistan	0	0	0	0
Tuvalu	0	0	0	0
