timestamp	value
1617624002	7.22
1617631201	7.23
1617638401	7.19
1617645601	7.21
1617652801	7.23
1617660011	6.7
1617667202	7.17
1617674401	6.59
1617681606	6.3
1617688802	7.29
1617696001	7.29
1617703201	7.26
1617710402	7.25
1617717601	7.24
1617724801	7.23
1617732001	7.21
1617739201	7.2
1617746401	7.23
1617753602	5.64
1617760802	7.24
1617768001	7.16
1617775211	6.09
1617782401	5.93
1617789601	7.16
1617796802	5.01
1617804007	6.98
1617811201	7.16
1617818401	7.19
1617825601	7.21
1617832826	7.14
1617840002	6.63
1617847201	3.23
1617861601	7.18
1617868801	7.14
1617876002	6.83
1617883202	7.2
1617897601	5.4
1617904801	7.21
1617912011	1.99
1617919201	7.21
1617926402	5.4
1617933606	7.3
1617940801	7.35
1617948001	7.37
1617955202	7.41
1617962426	7.35
1617969602	7.31
1617976801	7.32
1617984001	7.33
1617991201	7.29
1617998401	7.27
1618005601	4.44
1618012802	-0.43
1618020001	-1.61
1618027206	-5.65
1618034401	-5.66
1618041601	3.79
1618048801	0.0
1618056002	0.0
1618063201	0.0
1618070401	0.0
1618084801	0.0
1618092001	0.0
1618113601	0.0
1618120801	0.0
1618128001	0.0
1618135201	0.0
1618142402	0.0
1618149601	0.0
1618156801	0.0
1618164001	0.0
1618171201	0.0
1618178401	0.0
1618192801	0.0
1618200002	0.0
1618207201	0.0
1618214401	0.0
1618221601	0.0
1618228802	0.0
1618236001	0.0
1618243201	0.0
1618250401	0.0
1618257602	0.0
1618264801	0.0
1618272002	0.0
1618279201	0.0
1618286401	0.0
1618293601	7.01
1618300801	0.0
1618308001	7.13
1618315202	6.79
1618322412	0.0
1618329601	6.96
1618336802	6.78
1618344001	6.9
1618351201	6.95
1618358403	6.92
1618365601	6.25
1618372801	5.96
1618380001	6.12
